100FEATURES[32, 185, 205.0, 1]
[37, 157, 129.0, 0]
[41, 173, 219.0, 1]
[39, 180, 244.0, 1]
[45, 168, 169, 0]
[42, 175, 180.0, 1]
[50, 183, 185.0, 1]
[33, 185, 215.0, 1]
[34, 175, 190.0, 1]
[47, 180, 205.0, 1]
[46, 163, 145.0, 0]
[48, 178, 218.0, 1]
[34, 170, 179.0, 0]
[32, 178, 177.0, 1]
[37, 178, 180.0, 1]
[34, 163, 130.0, 0]
[30, 160, 118.0, 0]
[48, 178, 205.0, 1]
[34, 188, 210.0, 1]
[37, 183, 220.0, 1]
[45, 185, 205.0, 1]
[33, 157, 129.0, 0]
[41, 173, 219.0, 1]
[41, 180, 244.0, 1]
[32, 168, 148, 0]
[29, 175, 180.0, 1]
[47, 183, 185.0, 1]
[33, 185, 215.0, 1]
[42, 175, 190.0, 1]
[35, 180, 205.0, 1]
[33, 163, 145.0, 0]
[40, 178, 218.0, 1]
[48, 170, 179.0, 0]
[44, 178, 177.0, 1]
[31, 178, 180.0, 1]
[34, 163, 130.0, 0]
[31, 160, 118.0, 0]
[36, 178, 205.0, 1]
[50, 188, 210.0, 1]
[37, 183, 220.0, 1]
[30, 175, 262.0, 1]
[42, 157, 125.0, 0]
[47, 178, 206.0, 1]
[28, 183, 185.0, 1]
[37, 185, 220.0, 1]
[42, 165, 163.0, 1]
[35, 157, 145.0, 0]
[44, 175, 198.0, 1]
[42, 205, 193, 0]
[37, 163, 134.0, 0]
[30, 205, 129, 1]
[30, 183, 205.0, 1]
[48, 188, 250.0, 1]
[37, 168, 165.0, 1]
[29, 185, 210.0, 1]
[44, 180, 198.0, 1]
[38, 173, 137.0, 0]
[29, 191, 247.0, 1]
[30, 180, 187.0, 1]
[30, 175, 183.0, 1]
[50, 178, 205.0, 1]
[48, 157, 128.0, 0]
[46, 185, 216.0, 1]
[30, 178, 219.0, 1]
[28, 168, 140.0, 0]
[28, 160, 115.0, 0]
[36, 178, 135.0, 0]
[29, 178, 180.0, 1]
[33, 178, 188.0, 1]
[34, 183, 197.0, 1]
[39, 168, 162.0, 0]
[50, 170, 171.0, 1]
[39, 183, 212.0, 1]
[32, 178, 170.0, 0]
[36, 180, 187.0, 1]
[44, 173, 130.0, 0]
[40, 168, 143.0, 0]
[44, 165, 130.0, 0]
[42, 188, 210.0, 1]
[40, 157, 128.0, 0]
[34, 188, 205.0, 1]
[37, 152, 112.0, 0]
[40, 180, 203.0, 1]
[31, 175, 201.0, 1]
[45, 168, 185.0, 1]
[58, 175, 175.0, 1]
[30, 165, 112.0, 0]
[33, 178, 180.0, 1]
[40, 178, 212.0, 1]
[39, 178, 197.0, 1]
[45, 191, 212.0, 1]
[42, 163, 128.0, 0]
[38, 180, 270.0, 1]
[30, 178, 205.0, 1]
[34, 183, 193.0, 1]
[48, 157, 122.0, 0]
[29, 160, 118.0, 0]
[41, 168, 140.0, 0]
[28, 168, 205.0, 2]
[34, 188, 235.0, 1]
100LABELS1
2
3
2
1
1
4
1
4
1
5
2
3
1
1
3
2
2
3
2
1
2
3
2
1
1
4
1
4
1
5
2
3
1
1
3
2
2
3
2
1
1
1
2
1
1
4
3
1
2
5
5
1
2
1
6
1
1
1
2
1
3
2
7
5
4
1
1
2
2
3
4
3
5
1
3
3
1
2
3
1
2
1
3
1
2
6
1
2
5
4
1
2
4
5
4
1
2
1
1
